0 0.6043464052287582 0.5787530562347188 0.08980392156862745 0.03251833740831296
0 0.6019607843137255 0.7180929095354522 0.05622549019607843 0.03117359413202934
0 0.8081372549019608 0.5471638141809291 0.09723856209150326 0.0339119804400978
0 0.8128104575163398 0.5929339853300734 0.11665032679738563 0.041491442542787284
0 0.8304411764705882 0.6981662591687042 0.14472222222222222 0.0365281173594132
0 0.21898692810457518 0.5406845965770171 0.09635620915032679 0.029608801955990218
0 0.3217647058823529 0.7223960880195599 0.0644281045751634 0.061320293398533
0 0.320702614379085 0.6557946210268949 0.023415032679738563 0.05518337408312959
0 0.19991830065359475 0.5902444987775061 0.08269607843137255 0.04687041564792176
0 0.1427124183006536 0.6994132029339853 0.08199346405228758 0.032591687041564794
0 0.3132516339869281 0.6022738386308069 0.08625816993464053 0.05156479217603912
0 0.6089052287581699 0.6906845965770171 0.12632352941176472 0.31907090464547677