0 0.7404901960784314 0.3188725490196078 0.1488888888888889 0.13823529411764707
0 0.9170915032679738 0.2254656862745098 0.13794117647058823 0.1054656862745098
0 0.6128431372549019 0.7012254901960785 0.11625816993464053 0.11928921568627451
0 0.31957516339869285 0.33622549019607845 0.08544117647058823 0.03909313725490196
0 0.4101960784313725 0.2816911764705883 0.10975490196078432 0.08237745098039216
0 0.5261928104575163 0.2432107843137255 0.0868954248366013 0.07264705882352941
0 0.6230392156862745 0.19877450980392156 0.13522875816993465 0.11370098039215687
0 0.17369281045751633 0.6691176470588235 0.11635620915032678 0.18948529411764706
0 0.3344934640522876 0.7195588235294117 0.1869934640522876 0.24107843137254903
0 0.6533660130718955 0.793186274509804 0.3556535947712418 0.36590686274509804
0 0.0936111111111111 0.5447549019607842 0.1872222222222222 0.46512254901960787