0 0.21653594771241833 0.2718260869565217 0.1413888888888889 0.10347826086956523
0 0.14272875816993463 0.6025797101449275 0.044591503267973856 0.08223188405797102
0 0.2716176470588235 0.6036521739130435 0.0534640522875817 0.14881159420289855
0 0.4861274509803921 0.6047246376811594 0.16549019607843138 0.11228985507246378
0 0.626781045751634 0.6423188405797101 0.06137254901960785 0.11017391304347826
0 0.7774673202614379 0.6412463768115941 0.08027777777777778 0.13379710144927534
0 0.9160130718954249 0.6117101449275362 0.10241830065359477 0.06826086956521739
0 0.694281045751634 0.21005797101449275 0.1921732026143791 0.10234782608695653
0 0.4773529411764706 0.24228985507246378 0.150359477124183 0.1023768115942029
0 0.9505555555555556 0.18159420289855072 0.09888888888888889 0.07765217391304348
0 0.48552287581699344 0.3813623188405797 0.15942810457516338 0.11643478260869566
0 0.24741830065359474 0.393159420289855 0.05830065359477124 0.08852173913043478
0 0.6416176470588235 0.36631884057971015 0.06509803921568628 0.11214492753623188
0 0.94718954248366 0.343768115942029 0.08576797385620916 0.10568115942028986
0 0.8198202614379085 0.44849275362318836 0.09722222222222222 0.29582608695652174